48 52 1 -1 1 
50 59 1 -1 1 
52 -1 1 55 1 
55 64 4 -1 26 55 5 57 13 60 3 62 1 
57 50 1 55 10 57 5 59 8 60 3 -1 27 
59 -1 26 55 2 57 7 59 4 60 11 62 2 
60 64 10 65 3 67 9 69 1 72 2 -1 123 55 7 57 2 59 9 60 44 62 36 
62 64 35 65 1 67 8 69 2 70 1 -1 103 55 2 59 1 60 39 62 14 
64 64 29 65 17 66 1 67 13 69 2 48 1 -1 119 60 17 62 39 
65 64 29 65 5 67 13 69 2 -1 57 60 1 62 7 
66 64 1 66 2 67 2 69 6 -1 11 
67 64 8 65 27 66 3 67 38 69 20 71 4 72 13 74 4 76 4 62 3 60 1 -1 125 
69 65 5 66 1 67 24 69 10 71 13 72 5 74 4 77 2 -1 65 62 1 
70 70 1 -1 2 69 1 
71 66 2 67 2 69 9 71 1 72 16 73 2 74 2 79 2 -1 36 
72 64 1 66 2 67 6 69 8 71 15 72 21 74 25 76 13 77 3 79 2 81 3 -1 99 
73 74 2 -1 2 
74 69 1 71 2 72 25 74 5 76 23 77 8 79 6 -1 70 
76 67 5 69 1 72 8 74 25 76 18 77 18 79 3 60 3 -1 81 
77 67 2 69 2 72 1 74 3 76 20 77 8 79 17 59 2 60 2 -1 57 
79 67 1 71 1 72 7 76 4 77 15 79 7 81 9 84 1 -1 45 
81 74 1 77 3 79 5 83 3 84 2 -1 14 
83 81 1 84 3 -1 4 
84 72 2 79 2 81 1 83 1 86 1 -1 7 
86 88 1 84 1 -1 2 
88 88 1 86 1 -1 2 
